pov,pitch,delta-pitch,raw-log-pitch,energy,vad
-0.01892658,-0.03569317,-0.02324463,5.227075,8.964179,0 
-0.1625886,-0.03646469,0.01047801,5.227075,9.041573,0 
-0.2470728,-0.04531097,0.006959616,5.227075,8.989975,0 
-0.1707792,-0.04546356,0.008448794,5.227075,8.941366,0 
-0.1790991,-0.0455122,-0.07547209,5.227075,8.856514,0 
-0.0946889,-0.0461235,-0.04193607,5.227075,9.190031,0 
-0.1126613,-0.04739094,-0.07075719,5.227075,9.036044,0 
-0.1272138,-0.07687664,0.01352515,5.227075,9.00181,0 
-0.2963046,-0.1161356,-0.009710603,5.227075,9.074556,1 
-0.2718535,-0.1478996,-0.07736059,5.227075,9.203474,1 
-0.2943489,-0.1790323,0.006409948,5.227075,9.266773,1 
-0.2994119,-0.2102671,0.03327032,5.227075,9.27239,1 
-0.3106209,-0.2387018,-0.07821789,5.227075,9.141842,1 
-0.3000684,-0.2675371,0.07833286,5.227075,9.071653,1 
-0.2623649,-0.294342,0.0004595726,5.227075,9.298948,1 
-0.2845403,-0.3173475,0.03068528,5.227075,9.408413,1 
-0.2688578,-0.3373041,-0.01411685,5.227075,9.364388,1 
-0.16122,-0.3547802,-0.04688913,5.227075,9.494675,1 
-0.05955207,-0.3702097,0.05854932,5.227075,9.501866,1 
-0.04436867,-0.383934,0.01048895,5.227075,9.504053,1 
-0.07758101,-0.395175,0.007065273,5.227075,9.586523,1 
-0.09387156,-0.4047995,0.05254909,5.227075,9.766928,1 
-0.09732182,-0.4130373,-0.04766289,5.227075,9.946652,1 
-0.1301762,-0.4196243,0.0285367,5.227075,9.934745,1 
-0.04683295,-0.4251957,0.1095864,5.227075,9.763941,1 
-0.0659288,-0.4254074,0.04859205,5.227075,12.91483,1 
-0.05642924,-0.4254522,-0.04709189,5.227075,12.97467,1 
-0.1178883,-0.4254465,-0.01403633,5.227075,13.65005,1 
-0.1608762,-0.4254446,0.1162532,5.227075,13.74242,1 
-0.05012919,-0.4254475,0.05766313,5.227075,13.09648,1 
-0.05324005,-0.4254627,0.08324753,5.227075,12.82315,1 
-0.1078548,-0.425478,0.01343898,5.227075,12.85285,1 
-0.1177656,-0.4260054,-0.07877083,5.227075,12.76571,1 
-0.05412685,-0.4249392,0.004505137,5.227075,11.11365,1 
-0.06378943,-0.421916,-0.02857154,5.227075,11.31742,1 
-0.01153281,-0.4132528,0.05450407,5.227075,13.00108,1 
0.0265904,-0.4035406,0.05847328,5.227075,13.16222,1 
0.02974632,-0.3938074,-0.00343655,5.227075,12.75971,1 
0.009983052,-0.3844137,-0.005708027,5.227075,12.98604,1 
0.01395026,-0.3774004,-0.02872998,5.227075,13.20212,1 
-0.05713183,-0.3764009,0.02178938,5.227075,13.12532,1 
-0.01770687,-0.375555,0.04671862,5.227075,13.20466,1 
-0.02910587,-0.3731794,-0.01479924,5.227075,13.27934,1 
-0.004538842,-0.3726244,0.0672961,5.227075,13.15196,1 
0.02664439,-0.3724489,-0.02806069,5.227075,13.15375,1 
0.02912412,-0.3721876,-0.01266329,5.227075,13.24859,1 
-0.01955636,-0.3706493,0.02890228,5.227075,13.20479,1 
-0.007007863,-0.3632698,0.05693154,5.227075,13.05754,1 
-0.01656551,-0.353941,0.0268477,5.227075,12.68081,1 
-0.08131956,-0.3458929,0.03691998,5.227075,12.48771,1 
-0.06825052,-0.338335,0.01286274,5.227075,12.2059,1 
-0.03165093,-0.3306351,0.01400349,5.227075,12.18106,1 
-0.02931276,-0.3225203,0.07173599,5.227075,11.93134,1 
-0.001664049,-0.315197,-0.0429046,5.227075,11.90737,1 
0.001845865,-0.3145342,-0.009486889,5.227075,12.15334,1 
-0.01140288,-0.31429,-0.01225642,5.227075,12.03132,1 
0.008868339,-0.3142281,0.00948944,5.227075,11.40561,1 
-0.005229899,-0.3142204,-0.0150115,5.227075,10.33306,1 
-0.0758497,-0.3138638,-0.04685692,5.227075,10.14089,1 
0.02138397,-0.3084497,0.07849599,5.227075,10.16168,1 
-0.06691049,-0.3013363,0.07484439,5.227075,10.48769,1 
-0.05230032,-0.2937622,0.003897415,5.227075,10.49452,1 
-0.1125247,-0.2860746,0.008044408,5.227075,10.85874,1 
-0.06996465,-0.2778234,-0.03233,5.227075,11.50375,1 
0.00113381,-0.2690821,-0.02574299,5.227075,12.39697,1 
-0.03402428,-0.2610331,-0.001275688,5.227075,14.65088,1 
-0.01294848,-0.2604847,0.03673156,5.227075,17.83224,1 
-0.278868,-0.2704449,0.05897114,5.222087,19.1783,1 
-0.4312585,-0.2203465,0.1272323,5.247025,19.71582,1 
-0.6759005,-0.2101889,0.08184554,5.252012,19.79946,1 
-0.5399646,-0.1902294,0.09342632,5.261987,19.35539,1 
-0.4187113,-0.2001886,-0.1252505,5.257,18.07691,1 
-0.1595402,-0.2400818,0.06067616,5.23705,14.70606,1 
-0.2417072,-0.1901999,0.1559454,5.261987,11.43639,1 
-0.2189762,-0.1403055,0.294286,5.286925,11.02859,1 
-0.2860436,-0.09042549,0.2522678,5.311863,10.17372,1 
-0.1093879,-0.04056168,0.3214165,5.336801,10.73941,1 
-0.3273862,0.009026527,0.2997726,5.361738,14.66754,1 
0.02226499,0.05825424,0.261845,5.386676,17.54363,1 
0.001571421,0.1067257,0.1959402,5.411613,17.90243,1 
-0.06043491,0.1355267,0.08663661,5.426577,17.67292,1 
0.0787866,0.1355104,0.06158025,5.426577,17.57033,1 
-0.4461667,0.1261396,-0.03486443,5.421589,18.3585,1 
-0.6505957,0.1073809,0.05193229,5.411613,19.15777,1 
-0.7160602,0.1179743,0.1477686,5.416601,19.67924,1 
-0.6825517,0.1790075,0.2630585,5.446527,20.14092,1 
-0.7392313,0.2404346,0.4109307,5.476452,20.31502,1 
-0.6064541,0.2908869,0.2460658,5.50139,20.39341,1 
-0.7843227,0.3302317,0.08061043,5.52134,20.24947,1 
-0.9640974,0.360651,0.0938347,5.536303,20.21437,1 
-1.123966,0.3600693,-0.03777657,5.536303,20.05987,1 
-1.1638,0.3594112,-0.04993249,5.536303,19.95957,1 
-1.160809,0.3587542,0.03508345,5.536303,19.81004,1 
-1.148611,0.358655,-0.01737163,5.536303,19.66802,1 
-1.107231,0.3592491,0.03713589,5.536303,19.56938,1 
-1.182183,0.3420925,-0.01718001,5.526327,19.37128,1 
-1.051188,0.3373899,-0.09611061,5.52134,18.99528,1 
-0.996707,0.3323975,-0.06662198,5.516352,18.47979,1 
-0.9190719,0.3170538,-0.06782026,5.506377,17.73674,1 
-0.7932495,0.3112669,-0.1419249,5.50139,16.6133,1 
-0.1891737,0.2754812,-0.1899224,5.481439,15.86081,1 
0.1111638,0.2194338,-0.1521407,5.451514,15.8854,1 
0.08200853,0.1926584,-0.129789,5.436552,15.17833,1 
0.02814092,0.1954622,0.06576157,5.436552,14.41324,1 
-0.02740243,0.2182255,0.1012777,5.446527,14.20715,1 
-0.06494869,0.2413654,0.1003214,5.456501,14.18504,1 
-0.04497026,0.2645597,-0.07351054,5.466476,16.68266,1 
-0.299762,0.2847443,-0.2865309,5.476452,19.17628,1 
-0.3629001,0.1250753,-0.3903201,5.396651,20.0033,1 
-0.4164636,0.04524517,-0.4854335,5.35675,20.29522,1 
-0.6751853,-0.01449966,-0.2997431,5.326826,20.22358,1 
-0.9958878,-0.05440235,-0.1025658,5.306875,20.0992,1 
-1.132859,-0.07435894,-0.2011391,5.2969,19.96391,1 
-1.034277,-0.08434963,-0.1737523,5.291913,19.79242,1 
-0.4908375,-0.1242514,-0.5350297,5.271963,19.42398,1 
-0.2103784,-0.2338848,-0.7542825,5.2171,18.97515,1 
-0.1491761,-0.4832392,-0.7106081,5.092411,18.43341,1 
-0.2270677,-0.6423655,-0.5389489,5.01261,18.0268,1 
-0.09795951,-0.6711473,-0.3187776,4.997648,17.57549,1 
-0.03945086,-0.7392263,0.2424524,4.962735,17.75758,1 
-0.05609859,-0.6873608,0.5594558,4.987672,17.94214,1 
-0.2215867,-0.3857279,0.7825472,5.137299,18.57503,1 
-0.4487181,-0.2336397,0.7102123,5.212112,19.18375,1 
-0.5882003,-0.1510048,0.3912807,5.252012,19.37323,1 
-0.9071116,-0.09823513,0.1125563,5.27695,19.35069,1 
-1.038666,-0.09545803,-0.03879386,5.27695,19.22099,1 
-0.9612935,-0.1128397,-0.06571794,5.266975,18.9427,1 
-0.8665482,-0.1402473,-0.1095369,5.252012,18.40798,1 
-0.5731769,-0.1577473,0.001225261,5.242037,17.64392,1 
-0.2308504,-0.13554,0.1261774,5.252012,17.21084,1 
-0.155033,-0.0837326,0.1415376,5.27695,16.87813,1 
-0.06926002,-0.05192757,0.08766926,5.291913,17.09567,1 
0.01037844,-0.04024982,0.01292694,5.2969,17.50449,1 
-0.199909,-0.05879498,-0.06583545,5.286925,18.41293,1 
-0.5347056,-0.1074553,-0.1334887,5.261987,19.20291,1 
-0.7368543,-0.1362953,-0.2271998,5.247025,19.52244,1 
-0.9794193,-0.1650581,-0.1883578,5.232062,19.46249,1 
-0.8544039,-0.1838694,-0.1704654,5.222087,19.13433,1 
-0.7477235,-0.2225685,-0.16811,5.202137,18.4879,1 
-0.6985735,-0.2613897,-0.07222088,5.182187,18.42047,1 
-0.5810579,-0.2801466,0.01386251,5.172212,19.00996,1 
-0.2039454,-0.2490206,0.0846737,5.187174,19.33374,1 
0.01453885,-0.2187223,0.07539429,5.202137,19.24399,1 
-0.1397132,-0.189085,0.1772769,5.2171,19.35989,1 
-0.1355625,-0.1499138,0.1530749,5.23705,19.29866,1 
0.01297307,-0.1213665,0.1192683,5.252012,19.12464,1 
0.02570429,-0.09242058,0.1601389,5.266975,19.10232,1 
-0.01505903,-0.06304169,0.1644327,5.281938,19.26449,1 
-0.01875044,-0.03318596,0.1674453,5.2969,19.36253,1 
0.04593195,-0.003381729,0.1421081,5.311863,19.11283,1 
0.03045934,0.03648281,0.2439449,5.331813,18.93003,1 
0.06822196,0.07638359,0.189852,5.351763,18.40219,1 
0.1054652,0.1063242,0.1072123,5.366726,17.44294,1 
-0.06363335,0.1365185,0.06553959,5.381689,17.77897,1 
-0.4676695,0.1664591,-0.05188121,5.396651,19.30889,1 
-0.6447246,0.1265602,-0.08359664,5.376701,19.98077,1 
-0.7592108,0.08668613,-0.1896677,5.35675,20.16108,1 
-0.9618091,0.05681801,-0.1768372,5.341788,20.02836,1 
-1.156279,0.02830219,-0.08412477,5.326826,19.87635,1 
-1.155672,0.02067375,-0.1549648,5.321838,19.68824,1 
-1.048017,0.003299713,-0.1793502,5.311863,19.453,1 
-0.7470642,-0.02343464,-0.3029285,5.2969,19.03141,1 
-0.3840848,-0.1086721,-0.4311311,5.252012,18.53323,1 
-0.1948337,-0.2232275,-0.547408,5.192162,17.80922,1 
-0.2858537,-0.346817,-0.2360169,5.127324,16.49653,1 
0.03066537,-0.3601646,-0.07562041,5.117349,13.89153,1 
-0.07312965,-0.3134108,0.1420632,5.137299,13.21949,1 
0.01172207,-0.266283,0.1444358,5.157249,13.09664,1 
-0.09095161,-0.2288809,0.1226304,5.172212,13.20585,1 
-0.2359705,-0.1912298,0.1368657,5.187174,13.90119,1 
-0.420371,-0.1532049,0.2119501,5.202137,14.74372,1 
-0.615194,-0.1251564,0.03623626,5.212112,15.38198,1 
-0.8551811,-0.09685802,0.05787577,5.222087,15.73214,1 
-1.005246,-0.07828617,0.1123312,5.227075,15.83425,1 
-0.7830017,-0.05971527,0.09466776,5.232062,16.75412,1 
-0.7275035,-0.05101204,0.04983034,5.232062,17.81437,1 
-0.8415251,-0.03786659,0.07320452,5.23705,18.45486,1 
-0.9179751,-0.004953384,0.09283278,5.252012,18.7285,1 
-1.067317,0.007946014,-0.007583888,5.257,18.85636,1 
-1.020432,0.0006275177,-0.02986859,5.252012,18.70401,1 
-0.9250136,-0.0167284,-0.07327585,5.242037,18.21463,1 
-0.8474828,-0.02390575,0.02582667,5.23705,17.64567,1 
-0.2580145,0.009078979,0.08610623,5.252012,17.06983,1 
-0.06578975,0.05270576,0.129036,5.271963,16.8084,1 
-0.00479348,0.08629894,0.1200865,5.286925,16.33757,1 
-0.2583477,0.1098728,0.1000424,5.2969,16.29679,1 
-0.03095421,0.124176,0.1265068,5.301888,16.23038,1 
-0.05223205,0.1378489,0.05520977,5.306875,15.99819,1 
0.001594963,0.1507215,0.1086982,5.311863,15.89418,1 
0.03900827,0.1630325,0.05498442,5.31685,16.24589,1 
-0.3425288,0.1747503,-0.09157132,5.321838,18.37439,1 
-0.5127738,0.1958303,-0.04704457,5.331813,19.07049,1 
-0.5663518,0.1669216,-0.2117224,5.31685,19.32633,1 
-0.7383216,0.1278315,-0.1472197,5.2969,19.28463,1 
-0.9363841,0.08903122,-0.2392178,5.27695,19.30884,1 
-0.9574534,0.070117,-0.167335,5.266975,19.24704,1 
-0.9157148,0.04108715,-0.08770125,5.252012,19.24203,1 
-0.8616008,0.03155231,0.01523062,5.247025,19.28566,1 
-0.9820278,0.001598358,-0.05777755,5.232062,19.21752,1 
-1.154651,-0.00830555,-0.07504784,5.227075,19.18845,1 
-1.132089,-0.008091927,-0.08222476,5.227075,19.17796,1 
-1.063959,0.001680374,-0.03641786,5.232062,19.18343,1 
-1.035295,0.0009593964,-0.01299554,5.232062,19.18559,1 
-1.024522,-0.0003824234,0.09394577,5.232062,19.10546,1 
-1.010329,0.007831573,0.07427438,5.23705,19.09615,1 
-0.9765873,0.02598763,0.0007890491,5.247025,19.17679,1 
-1.075448,0.02468681,0.01456412,5.247025,19.15071,1 
-1.077829,0.03307438,0.09584868,5.252012,19.06431,1 
-1.034259,0.05194092,0.1585964,5.261987,18.99321,1 
-1.110064,0.06175041,0.04953407,5.266975,18.95209,1 
-1.225991,0.07210445,0.01924467,5.271963,18.75508,1 
-0.9019329,0.06234932,-0.02278834,5.266975,18.36181,1 
-0.838781,0.06226349,0.03680243,5.266975,17.89934,1 
-0.8860898,0.05195522,0.01898584,5.261987,17.7397,1 
-1.055524,0.06121635,0.02451769,5.266975,17.3745,1 
-0.8536953,0.05009556,-0.01537793,5.261987,16.63613,1 
-0.6160735,0.03877926,-0.01497595,5.257,15.36156,1 
-0.3551522,0.02872658,-0.01103999,5.252012,13.99243,1 
0.001181121,0.02870846,-0.06844363,5.252012,16.6689,1 
-0.03775596,0.02864075,-0.02301342,5.252012,17.03875,1 
0.03732688,0.03846836,0.03321827,5.257,16.81121,1 
0.05446375,0.04832554,-0.02304935,5.261987,15.18219,1 
-0.174931,0.0582962,-0.01962181,5.266975,14.25568,1 
-0.05070191,0.06826019,-0.01459639,5.271963,13.95792,1 
-0.003825942,0.07822227,0.08149137,5.27695,13.58884,1 
-0.1029337,0.08821011,0.1038725,5.281938,12.65415,1 
-0.05408491,0.09820747,-0.001457375,5.286925,11.78878,1 
0.03644381,0.1081762,0.04378694,5.291913,11.94408,1 
-0.1721278,0.1181173,0.001523029,5.2969,13.85256,1 
-0.1374043,0.1280375,0.09755035,5.301888,14.84831,1 
-0.01812415,0.1401596,0.06580206,5.306875,15.66463,1 
0.0001901179,0.1531572,0.03378342,5.311863,15.82827,1 
-0.003587181,0.1660233,0.08662046,5.31685,15.69338,1 
0.02987975,0.1787043,0.05615075,5.321838,15.40315,1 
-0.001254375,0.1812086,-0.02062495,5.321838,15.32699,1 
-0.1031749,0.183713,-0.106361,5.321838,16.83002,1 
-0.437138,0.1860094,-0.1235774,5.321838,18.34149,1 
-0.5772287,0.1281328,-0.1442353,5.291913,19.02917,1 
-0.713916,0.1087866,-0.01986955,5.281938,19.29747,1 
-1.104161,0.09918594,-0.1159538,5.27695,19.33702,1 
-1.09052,0.08952427,-0.151876,5.271963,19.3786,1 
-1.028684,0.07027054,-0.1431676,5.261987,19.45482,1 
-0.9656773,0.04101562,0.06941546,5.247025,19.48872,1 
-0.9780568,0.02154636,-0.1252965,5.23705,19.44491,1 
-0.9528511,0.001954079,-0.08596092,5.227075,19.54918,1 
-0.943755,-0.02777004,-0.1748715,5.212112,19.62393,1 
-0.8994254,-0.04766083,-0.1020731,5.202137,19.6468,1 
-0.9881915,-0.07747364,-0.1475267,5.187174,19.55988,1 
-0.9752784,-0.10711,-0.115055,5.172212,19.44472,1 
-0.9733782,-0.1266737,-0.2058966,5.162237,19.36786,1 
-1.02925,-0.1462393,-0.0935914,5.152262,19.43557,1 
-1.123655,-0.1659021,-0.05173553,5.142286,19.28217,1 
-1.213293,-0.1658049,-0.04352594,5.142286,19.24808,1 
-1.174999,-0.1758766,-0.02533921,5.137299,19.25912,1 
-1.166556,-0.1661882,0.02048129,5.142286,19.2865,1 
-1.076824,-0.1668539,0.0265337,5.142286,19.13305,1 
-0.8600118,-0.1879606,-0.01498756,5.132311,18.8479,1 
-0.852471,-0.2192364,-0.09603775,5.117349,18.82188,1 
-0.8244406,-0.2107372,0.0154126,5.122336,18.84472,1 
-0.9515509,-0.2019711,0.01332395,5.127324,18.86427,1 
-1.046737,-0.1920443,0.09068005,5.132311,18.83912,1 
-1.172137,-0.1919012,0.08155635,5.132311,18.78528,1 
-1.07266,-0.171999,0.1226835,5.142286,18.81413,1 
-0.7183481,-0.1221161,0.1474167,5.167224,19.11745,1 
-0.6958964,-0.08221531,0.1046953,5.187174,19.4495,1 
-0.7316952,-0.09218025,-0.03984583,5.182187,19.48218,1 
-0.8820987,-0.09174919,0.01065064,5.182187,19.58387,1 
-1.047468,-0.09026241,0.007419095,5.182187,19.70544,1 
-1.0771,-0.0987215,-0.01833314,5.177199,19.84444,1 
-1.057809,-0.09736156,-0.03577514,5.177199,19.80343,1 
-1.04785,-0.08638382,0.02887248,5.182187,19.76659,1 
-0.8717306,-0.07558155,0.1428897,5.187174,19.81315,1 
-0.6846473,-0.04511642,0.2157409,5.202137,19.91984,1 
-0.7069821,-0.004776955,0.16261,5.222087,19.87456,1 
-0.673017,0.04525185,0.1843351,5.247025,19.8852,1 
-0.7232971,0.08520603,0.09522787,5.266975,19.97854,1 
-0.7939088,0.1251631,0.2298862,5.286925,19.98934,1 
-0.8285356,0.1552496,0.1256369,5.301888,19.85097,1 
-0.8301348,0.1853418,0.05943906,5.31685,19.57514,1 
-0.7229176,0.2054634,-0.04421674,5.326826,18.9373,1 
-0.6265181,0.2057467,-0.07964652,5.326826,17.81843,1 
-0.5278733,0.186307,-0.05869056,5.31685,15.05622,1 
-0.6486405,0.1868286,0.0003572227,5.31685,13.1057,1 
-0.4845645,0.1874762,-0.04908333,5.31685,10.8909,1 
-0.2822579,0.1883659,0.06077943,5.31685,12.98997,1 
-0.1216842,0.189394,0.1063319,5.31685,15.50091,1 
-0.01872532,0.1905632,-0.03863227,5.31685,17.7891,1 
0.03396173,0.1916447,0.01635517,5.31685,18.37241,1 
-0.1242927,0.1927576,0.03262778,5.31685,18.29238,1 
-0.03100399,0.1937742,-0.06286083,5.31685,16.4726,1 
-0.04706663,0.1849861,-0.001975291,5.311863,14.92148,1 
-0.1961492,0.1761169,-0.0350986,5.306875,14.44773,1 
0.01564902,0.1670942,-0.05738832,5.301888,14.189,1 
-0.07582677,0.1573811,-0.1369624,5.2969,13.64845,1 
-0.1744276,0.137435,-0.1510939,5.286925,13.30905,1 
-0.2910706,0.1274891,-0.0855086,5.281938,13.23504,1 
-0.2793873,0.1175299,-0.04056831,5.27695,13.13786,1 
-0.06617059,0.09759998,-0.1636683,5.266975,12.91624,1 
-0.1228754,0.08773994,-0.07117827,5.261987,12.46273,1 
-0.1711227,0.06781673,-0.1058053,5.252012,15.5448,1 
-0.04646303,0.0580225,-0.01394216,5.247025,17.90151,1 
-0.152933,0.008286476,-0.05573918,5.222087,18.84667,1 
-0.2841131,0.06820869,-0.03071204,5.252012,19.27387,1 
-0.4246554,0.06874275,0.02761424,5.252012,19.34732,1 
-0.6698947,0.05022717,-0.1085831,5.242037,19.24895,1 
-0.7435116,0.03192806,-0.04489459,5.232062,19.13446,1 
-0.7187933,0.02373123,-0.1440104,5.227075,19.08055,1 
-0.6284243,0.005681992,-0.04410254,5.2171,19.14613,1 
-0.6909206,-0.00229454,-0.03774963,5.212112,19.25746,1 
-0.7707545,-0.00962162,-0.07890059,5.207124,19.3449,1 
-0.8294798,-0.01706982,-0.0612845,5.202137,19.39021,1 
-0.8595031,-0.01513386,-0.1104093,5.202137,19.25348,1 
-0.8561207,-0.01324463,0.01744191,5.202137,19.15242,1 
-0.868882,-0.001482964,-0.08330975,5.207124,19.11766,1 
-0.8598169,0.0003356934,0.106122,5.207124,19.08928,1 
-0.8627378,-0.017313,-0.03835336,5.197149,18.97436,1 
-0.8976808,-0.02523899,0.007382354,5.192162,18.84787,1 
-0.9023514,-0.02297401,-0.0587678,5.192162,18.72191,1 
-0.9952571,-0.001317978,0.07166363,5.202137,18.82426,1 
-1.102712,0.009552956,0.09610014,5.207124,18.91937,1 
-1.148284,0.02020264,-0.0107273,5.212112,18.94576,1 
-1.225426,0.02058315,-0.02166456,5.212112,18.9,1 
-1.187861,0.01076508,-0.01530602,5.207124,18.79027,1 
-1.127746,0.01041603,-0.008772383,5.207124,18.69612,1 
-1.149703,0.00898838,0.03684099,5.207124,18.65694,1 
-0.9859862,0.01714611,0.04064647,5.212112,18.619,1 
-0.8111018,0.02478409,0.1558606,5.2171,18.39866,1 
-0.748244,0.05185318,0.14107,5.232062,18.13065,1 
-0.9048983,0.09848213,0.2070888,5.257,17.65888,1 
-0.7970819,0.1250315,0.1912037,5.271963,17.27393,1 
-0.7367033,0.1517096,0.1439632,5.286925,17.05848,1 
-1.027835,0.1783876,0.1062257,5.301888,16.61785,1 
-1.114598,0.1847296,0.1045984,5.306875,15.87932,1 
-0.9673595,0.1804476,-0.0519496,5.306875,14.83832,1 
-0.5599138,0.1661911,-0.02293931,5.301888,13.70886,1 
-0.1496727,0.1519318,-0.005280152,5.2969,13.54028,1 
-0.04077198,0.1376715,-0.1181224,5.291913,14.01812,1 
-0.1712962,0.1232815,-0.06712634,5.286925,14.44055,1 
-0.02767259,0.1091499,0.03166834,5.281938,14.47561,1 
-0.008261552,0.09555531,-0.005527945,5.27695,14.37051,1 
0.005940881,0.09219742,-0.1278965,5.27695,13.94526,1 
0.03546955,0.08844376,0.0006807329,5.27695,13.39594,1 
0.0550283,0.08455086,0.06184314,5.27695,12.43011,1 
0.01630837,0.08039761,-0.1526304,5.27695,11.65794,1 
-0.03556319,0.06601048,-0.08704252,5.271963,12.13488,1 
-0.03801623,0.05152321,-0.05969689,5.266975,12.07057,1 
-0.02834093,0.03665829,-0.03957339,5.261987,12.27049,1 
-0.03693155,0.03134155,0.04973498,5.261987,12.64287,1 
-0.09742384,0.02630329,-0.01295229,5.261987,13.15174,1 
-0.0223697,0.01194382,-0.05746368,5.257,13.57681,1 
0.02792999,-0.001363754,-0.05852099,5.252012,13.93084,1 
0.005415095,-0.01191044,-0.06106178,5.247025,14.00484,1 
-0.008895513,-0.02104855,-0.03772602,5.242037,13.99046,1 
0.005607557,-0.02971363,-0.001466488,5.23705,13.86441,1 
0.01211138,-0.03829575,0.008975738,5.232062,14.03134,1 
0.004917432,-0.04663277,0.005186656,5.227075,13.95619,1 
-0.03237881,-0.05614758,-0.00182407,5.222087,13.89789,1 
0.009987488,-0.06474209,-0.02708989,5.2171,13.55161,1 
0.0143298,-0.07506275,0.05715836,5.212112,13.19997,1 
-0.002064256,-0.08541965,-0.05256913,5.207124,13.04678,1 
0.02303338,-0.09518719,-0.02468306,5.202137,12.85803,1 
-0.03646143,-0.1067924,-0.1011139,5.197149,12.66095,1 
-0.0503372,-0.1180592,-0.02133033,5.192162,12.43218,1 
-0.0849376,-0.1284075,-0.09911325,5.187174,12.04882,1 
-0.06818502,-0.1390467,-0.04372046,5.182187,11.62419,1 
-0.1310742,-0.1501369,-0.1043697,5.177199,11.45324,1 
-0.1566907,-0.1605577,0.005479283,5.172212,10.82316,1 
-0.1487703,-0.1704502,-0.06070856,5.167224,10.22159,1 
-0.1047649,-0.1807604,-0.1378939,5.162237,9.751131,1 
0.01375124,-0.1910048,-0.07363507,5.157249,10.29825,1 
0.06640385,-0.2010584,-0.07676601,5.152262,11.16666,1 
-0.03967519,-0.2109461,-0.05748016,5.147274,11.21373,1 
-0.03235504,-0.2209196,-0.07075649,5.142286,11.03946,1 
-0.1194558,-0.2309084,-0.04480284,5.137299,10.41856,1 
0.04198967,-0.2408819,-0.09320728,5.132311,14.85933,1 
0.1333801,-0.2508783,0.04589468,5.127324,16.76042,1 
-0.1574494,-0.2708645,0.03707006,5.117349,17.51719,1 
-0.1161938,-0.2509823,0.07758071,5.127324,18.70445,1 
-0.3947171,-0.1812239,0.1374333,5.162237,19.74474,1 
-0.6667717,-0.1814957,0.01669363,5.162237,20.35203,1 
-0.8862106,-0.2017822,-0.2036357,5.152262,20.35422,1 
-0.7436915,-0.2221785,-0.1331913,5.142286,20.12261,1 
-0.5834193,-0.2520752,-0.1402128,5.127324,19.50362,1 
-0.5633465,-0.2705917,-0.1258934,5.117349,18.26223,1 
-0.5579225,-0.3400755,-0.09143102,5.082436,16.73306,1 
-0.7520543,-0.3010187,0.1335815,5.102386,16.24871,1 
-0.5455328,-0.2825556,-0.1570212,5.112361,15.8654,1 
-0.3428533,-0.293869,-0.1599642,5.107374,15.68904,1 
-0.09912706,-0.3451042,-0.2908024,5.082436,15.53375,1 
-0.1171407,-0.4162798,-0.3147208,5.047523,16.14039,1 
-0.2778321,-0.4874306,-0.8087084,5.01261,18.07982,1 
-0.2164017,-0.5987768,-0.7338929,4.957747,18.88692,1 
-0.2233156,-0.9793243,-0.3205998,4.768221,19.13884,1 
-0.1967725,-0.9291077,0.3823742,4.793159,19.18108,1 
-0.04439596,-0.6501856,1.063455,4.932809,19.28427,1 
-0.09084032,-0.351017,0.8812464,5.082436,19.19606,1 
-0.1710526,-0.3111382,0.5913175,5.102386,19.34987,1 
-0.2399269,-0.2318363,0.4194799,5.142286,19.40589,1 
-0.349425,-0.122942,0.3396969,5.197149,19.44515,1 
-0.9675921,-0.06408978,0.2684263,5.227075,19.53749,1 
-1.078229,-0.05511189,0.1500301,5.232062,19.62323,1 
-0.9111157,-0.03616238,0.1130831,5.242037,19.72278,1 
-0.8722847,-0.01786995,0.1001507,5.252012,19.80538,1 
-1.0091,0.009930611,0.09170089,5.266975,19.87117,1 
-0.9945889,0.009430885,0.02342287,5.266975,19.85583,1 
-1.026369,0.007231712,0.09651183,5.266975,19.85422,1 
-1.012058,0.004270554,0.06526582,5.266975,19.84583,1 
-1.018961,0.01229286,0.06036644,5.271963,19.81166,1 
-0.9953508,0.0310545,0.03891595,5.281938,19.78801,1 
-0.9854297,0.04034996,0.002479181,5.286925,19.76305,1 
-1.149988,0.0496521,0.02921811,5.291913,19.78103,1 
-1.154437,0.0581665,0.07447184,5.2969,19.78879,1 
-1.125442,0.06686115,-0.04578032,5.301888,19.79787,1 
-1.130063,0.06564999,-0.008599418,5.301888,19.76981,1 
-1.061864,0.07386589,0.1410354,5.306875,19.75595,1 
-0.9809252,0.09142399,0.09245864,5.31685,19.75974,1 
-1.009049,0.1085768,0.04063959,5.326826,19.72784,1 
-1.020122,0.1156816,0.1462883,5.331813,19.57543,1 
-1.032792,0.1331491,0.09097823,5.341788,19.25009,1 
-0.9400575,0.1416025,-0.03739718,5.346776,18.98114,1 
-0.7176328,0.1511145,0.1408921,5.351763,18.71934,1 
-0.7048522,0.1911345,0.1733307,5.371713,18.46501,1 
-0.8478203,0.2310114,0.03458061,5.391664,18.14402,1 
-0.8787263,0.240963,-0.05518554,5.396651,17.85225,1 
-0.7605616,0.230958,-0.1137963,5.391664,17.41352,1 
-0.5696246,0.2310715,-0.003921699,5.391664,16.52829,1 
-0.3529467,0.2213392,-0.02880954,5.386676,15.49393,1 
-0.09446547,0.2217035,-0.005384848,5.386676,14.56118,1 
-0.03850702,0.2219791,0.087611,5.386676,12.936,1 
-0.2502774,0.2120066,-0.01488869,5.381689,11.92892,1 
-0.266837,0.2020226,-0.0349302,5.376701,11.94259,1 
-0.4234246,0.1920366,-0.106489,5.371713,10.53878,1 
-0.1363015,0.1820555,-0.06441662,5.366726,11.80148,1 
-0.4918675,0.1720457,-0.09613781,5.361738,12.25282,1 
-0.4478737,0.1620321,-0.07749029,5.35675,10.82335,1 
-0.1089614,0.1519899,-0.0463031,5.351763,11.6073,1 
-0.469481,0.1420059,-0.07407604,5.346776,12.15516,1 
-0.4374454,0.1316481,0.006887019,5.341788,10.92045,1 
-0.2946403,0.1209421,-0.07468066,5.336801,10.19005,0 
-0.3745805,0.1096506,-0.01492797,5.331813,11.23618,1 
-0.4478025,0.09864807,-0.03587746,5.326826,10.9249,1 
-0.3397772,0.08798504,-0.07695307,5.321838,9.568214,1 
-0.04088706,0.07767773,-0.09062584,5.31685,10.30015,1 
-0.3238336,0.06762695,-0.1014954,5.311863,10.42731,1 
-0.3144846,0.05759525,-0.006042914,5.306875,9.581093,1 
-0.236951,0.0475893,-0.08017434,5.301888,8.760305,0 
-0.1297026,0.03754807,0.01152683,5.2969,9.097132,0 
-0.2258218,0.02751064,-0.03440168,5.291913,9.273962,1 
-0.09786836,0.01747322,-0.05255712,5.286925,9.106363,1 
-0.04956488,0.007369995,-0.06592781,5.281938,15.92114,1 
-0.1280746,-0.00267601,0.1049339,5.27695,17.45895,1 
-0.1500954,0.01698017,0.1890495,5.286925,18.42877,1 
-0.1099267,0.0567112,0.1468972,5.306875,18.6861,1 
-0.1124047,0.1463823,-0.05599169,5.351763,18.96105,1 
-0.2773666,0.08542633,-0.2559907,5.321838,19.58064,1 
-0.2877477,-0.03713036,-0.595407,5.261987,19.88874,1 
-0.2440461,-0.1602688,-0.4611736,5.202137,20.09527,1 
-0.3588845,-0.2548237,-0.4313089,5.157249,19.93909,1 
-0.4863857,-0.3192768,-0.3323312,5.127324,19.61613,1 
-0.3796377,-0.3831596,-0.2715168,5.097399,19.21993,1 
-0.2387344,-0.4172678,-0.2549728,5.082436,18.58785,1 
-0.02283476,-0.5008411,-0.06812875,5.042536,17.85504,1 
-0.138462,-0.5031128,0.1001195,5.042536,17.86459,1 
-0.1610938,-0.4324436,0.1964685,5.077448,17.47843,1 
-0.1228201,-0.3902044,0.2599771,5.097399,17.69526,1 
-0.1777461,-0.3175631,0.1650208,5.132311,18.32534,1 
-0.212135,-0.2953644,0.001821807,5.142286,18.85224,1 
-0.2641992,-0.3722782,-0.09393533,5.102386,19.29845,1 
-0.4365903,-0.3597727,0.03364824,5.107374,19.63385,1 
-0.386392,-0.3069344,0.3168982,5.132311,19.70449,1 
-0.4444625,-0.2333908,0.3702761,5.167224,19.61707,1 
-0.7015009,-0.1402397,0.298948,5.212112,19.63798,1 
-0.8934193,-0.1084671,0.1595429,5.227075,19.6456,1 
-0.8970016,-0.09835434,0.01444121,5.232062,19.42037,1 
-0.8209343,-0.08886242,0.02543239,5.23705,18.89957,1 
-0.812546,-0.08700562,0.1208044,5.23705,17.89767,1 
-0.747592,-0.07493019,0.1388726,5.242037,16.48648,1 
-0.7555585,-0.02579308,0.2479182,5.266975,15.04898,1 
-0.5547189,0.04343319,0.2579349,5.301888,14.92509,1 
-0.271376,0.1130743,0.3068144,5.336801,16.76499,1 
-0.499043,0.1752787,0.09040153,5.366726,18.37186,1 
-0.6061805,0.2057142,0.05938897,5.381689,19.00333,1 
-0.6639151,0.1658926,-0.1573809,5.361738,19.13406,1 
-0.8597189,0.1277599,-0.1433484,5.341788,18.95793,1 
-1.068063,0.09953022,-0.1062411,5.326826,18.77983,1 
-1.171281,0.08057499,-0.05349217,5.31685,18.62012,1 
-1.115374,0.07178402,0.08918959,5.311863,18.324,1 
-0.8888416,0.06352711,0.04333813,5.306875,17.74388,1 
-0.7688477,0.06544971,0.07204013,5.306875,16.8856,1 
-0.6319389,0.108736,0.2392568,5.326826,16.5167,1 
-0.7236694,0.1506634,0.1568626,5.346776,17.01299,1 
-0.8314472,0.1819897,0.1469955,5.361738,17.61309,1 
-0.9956599,0.2173195,0.04376125,5.366726,17.94469,1 
-0.9396269,0.2228804,-0.2070878,5.35675,18.01988,1 
-0.7769545,0.1886635,-0.225086,5.326826,18.03006,1 
-0.772676,0.1378584,-0.2201229,5.291913,18.47337,1 
-0.8026912,0.1030016,-0.0913524,5.271963,19.05497,1 
-0.8686662,0.1186914,-0.008182927,5.27695,19.39008,1 
-1.020875,0.1275301,-0.01989074,5.27695,19.46794,1 
-1.039363,0.1346827,-0.09615274,5.27695,19.38187,1 
-1.001731,0.1301861,-0.07966112,5.271963,19.08706,1 
-0.8270784,0.1251278,-0.07940069,5.266975,18.35834,1 
-0.6889991,0.1166868,0.05038604,5.261987,16.97776,1 
-0.5176069,0.1169901,0.06896795,5.261987,14.39738,1 
-0.1612537,0.1377583,0.0495994,5.271963,14.15267,1 
-0.1536314,0.1587925,0.06613771,5.281938,14.12542,1 
-0.08969823,0.1896734,0.07378133,5.2969,13.24509,1 
-0.003801662,0.2121439,0.07308595,5.306875,15.23005,1 
-0.1192897,0.2427912,0.1741873,5.321838,15.27238,1 
-0.1110749,0.2662296,0.1243777,5.331813,13.75319,1 
-0.1574815,0.2789507,0.08515337,5.336801,12.65457,1 
0.008025849,0.2894115,0.03767763,5.341788,13.18782,1 
-0.3197661,0.3024282,-0.04869606,5.346776,16.94225,1 
-0.3904115,0.3149176,-0.02091498,5.351763,18.14985,1 
-0.5410548,0.2858295,-0.1148494,5.336801,18.72726,1 
-0.7109767,0.2477884,-0.1207438,5.31685,18.73586,1 
-0.913444,0.220377,-0.09765312,5.301888,18.36694,1 
-0.7786314,0.1917868,-0.05527042,5.286925,17.51026,1 
-0.669503,0.1721725,0.02171247,5.27695,15.42325,1 
-0.3095105,0.1732845,0.03608774,5.27695,12.93313,1 
-0.3523253,0.1846132,-0.02050202,5.281938,10.46547,1 
-0.2400179,0.196641,-0.01152273,5.286925,9.92295,1 
-0.2733053,0.2070923,0.08756001,5.291913,9.633133,1 
-0.2494075,0.2173529,0.0621981,5.2969,9.546881,1 
-0.2011618,0.2273893,0.1816044,5.301888,9.659577,1 
-0.1994237,0.2373877,0.0686099,5.306875,15.32071,1 
-0.04980127,0.247448,-0.06108489,5.311863,15.81472,1 
-0.04367421,0.2575455,0.06720634,5.31685,16.10301,1 
0.05774003,0.2676096,0.01453171,5.321838,15.54085,1 
0.1019978,0.2777128,-0.07596471,5.326826,14.99353,1 
0.1055601,0.2783127,-0.02984152,5.326826,14.73381,1 
-0.3147213,0.2886553,0.05571955,5.331813,16.21277,1 
-0.6527137,0.2986784,-0.01907693,5.336801,17.74533,1 
-0.5364971,0.298399,-0.1551298,5.336801,18.56453,1 
-0.4931017,0.2372007,-0.1176896,5.306875,19.05011,1 
-0.5569943,0.1763363,-0.3099684,5.27695,19.31294,1 
-0.6135717,0.1261196,-0.1694264,5.252012,19.43344,1 
-0.678825,0.08620453,-0.192875,5.232062,19.51029,1 
-0.6685092,0.04614067,-0.1932641,5.212112,19.39015,1 
-0.6900777,0.006076813,-0.1145011,5.192162,19.39489,1 
-0.6799019,-0.04388237,-0.1583016,5.167224,19.46146,1 
-0.7174975,-0.06393147,-0.1038717,5.157249,19.42313,1 
-0.9306337,-0.09397411,-0.04165023,5.142286,19.26589,1 
-0.8616797,-0.1043062,-0.1159202,5.137299,19.14517,1 
-0.7747367,-0.1256695,-0.1133265,5.127324,19.09988,1 
-0.6739843,-0.1463156,-0.2123297,5.117349,18.4793,1 
-0.537707,-0.1866426,-0.4727137,5.097399,17.26862,1 
-0.387616,-0.3255529,-0.6541136,5.027573,15.47754,1 
-0.1891337,-0.4838419,-0.8026983,4.947772,14.25713,1 
0.008281747,-0.641901,-0.8084615,4.867971,13.69763,1 
0.171318,-0.7997198,-0.8412694,4.788171,13.29055,1 
0.1683017,-0.9574728,-0.6338115,4.70837,12.75789,1 
0.04875679,-1.114971,-0.719599,4.62857,14.16371,1 
0.02385454,-1.261437,-0.8028794,4.553757,14.45154,1 
0.0402692,-1.417036,-0.6718414,4.473956,16.54395,1 
-0.266441,-1.585808,-0.46553,4.389168,17.44584,1 
-0.1464627,-1.600426,-0.3545189,4.379192,17.65263,1 
-0.08830918,-1.602593,-0.3165469,4.374205,17.74829,1 
-0.215861,-1.804406,-0.2513735,4.269467,17.70575,1 
-0.1953391,-1.797071,-0.3090783,4.269467,17.76453,1 
-0.1250433,-1.829963,0.06720357,4.249516,17.67126,1 
-0.1292871,-1.803138,-0.0644462,4.259491,17.69873,1 
-0.1623413,-1.786201,-0.1913749,4.264479,17.49889,1 
-0.1601627,-1.878901,-0.0938891,4.214604,17.63893,1 
-0.2349949,-1.871539,0.1654727,4.214604,17.66208,1 
-0.1488946,-1.863191,0.5191692,4.214604,17.63378,1 
-0.03838508,-1.653602,0.5151788,4.314354,17.43862,1 
-0.7396851,-1.462576,0.4822768,4.40413,17.46053,1 
-0.7447257,-1.450203,0.2209366,4.40413,17.26373,1 
-0.6814014,-1.447677,0.05561971,4.399143,17.03175,1 
-0.4890625,-1.446178,0.07632156,4.394155,16.57754,1 
-0.1980864,-1.386189,0.1900753,4.419093,15.62989,1 
-0.2023038,-1.296845,0.1565253,4.458993,15.01441,1 
-0.3051886,-1.266439,0.08314285,4.468968,14.24952,1 
-0.2234442,-1.245334,0.01470758,4.473956,13.43805,1 
-0.03346642,-1.233469,-0.07328563,4.473956,13.14112,1 
-0.0009467324,-1.221138,-0.01695332,4.473956,12.60538,1 
0.01990268,-1.208313,0.04525153,4.473956,11.93913,1 
0.04935066,-1.19513,-0.03811942,4.473956,10.28228,1 
0.1019851,-1.184199,-0.03918538,4.473956,10.00247,1 
-0.1097962,-1.183527,0.01533912,4.473956,10.33981,1 
-0.07615332,-1.182879,-0.03775105,4.473956,9.933789,1 
0.03572835,-1.182582,0.01964526,4.473956,9.680053,1 
-0.1163226,-1.182564,0.08303952,4.473956,9.881486,1 
-0.02189627,-1.182057,-0.08647128,4.473956,9.833421,1 
-0.02546094,-1.181586,-0.06613617,4.473956,9.610907,1 
-0.08856471,-1.180731,0.02431742,4.473956,9.669436,1 
-0.04456322,-1.180702,0.09022689,4.473956,9.642945,1 
-0.04693313,-1.176374,-0.03764679,4.473956,9.71538,1 
-0.03483854,-1.168261,0.001075504,4.473956,9.609542,1 
-0.09941963,-1.149939,-0.08345222,4.473956,9.421553,0 
-0.0501152,-1.127952,0.01299251,4.473956,9.404561,0 
-0.07930081,-1.105092,-0.07378083,4.473956,9.582353,0 
-0.07633352,-1.081601,-0.03843729,4.473956,9.769497,0 
-0.07328871,-1.057356,-0.1062356,4.473956,9.543069,0 
-0.1216545,-1.052541,0.01273841,4.473956,9.3826,0 
-0.2116741,-1.04528,-0.004864059,4.473956,9.568037,0 
-0.0860743,-1.042542,-0.01535237,4.473956,9.163523,0 
